0.69 0.52 0.81
0.71 0.51 0.83
0.69 0.87 0.75
0.71 0.74 0.79
0.67 0.73 0.81
0.63 0.70 0.74
0.47 0.47 0.70
0.54 0.56 0.73
0.90 0.90 0.91
0.69 0.52 0.65
0.71 0.51 0.60
0.69 0.87 0.82
0.71 0.74 0.76
0.67 0.73 0.77
0.63 0.70 0.78
0.47 0.47 0.64
0.54 0.56 0.68
0.90 0.90 0.90
0.69 0.52 0.63
0.71 0.51 0.60
0.69 0.87 0.81
0.71 0.74 0.75
0.67 0.73 0.75
0.63 0.70 0.76
0.47 0.47 0.62
0.54 0.56 0.65
0.90 0.90 0.92
0.69 0.52 0.63
0.71 0.51 0.60
0.69 0.87 0.81
0.71 0.74 0.75
0.67 0.73 0.75
0.63 0.70 0.76
0.47 0.47 0.62
0.54 0.56 0.65
0.90 0.90 0.92
0.69 0.52 0.51
0.71 0.51 0.54
0.69 0.87 0.98
0.71 0.74 0.63
0.67 0.73 0.65
0.63 0.70 0.90
0.47 0.47 0.52
0.54 0.56 0.53
0.90 0.90 0.98
0.69 0.52 0.39
0.71 0.51 0.45
0.69 0.87 1.00
0.71 0.74 0.53
0.67 0.73 0.56
0.63 0.70 0.97
0.47 0.47 0.40
0.54 0.56 0.44
0.90 0.90 0.99
0.69 0.52 0.39
0.71 0.51 0.45
0.69 0.87 1.00
0.71 0.74 0.53
0.67 0.73 0.56
0.63 0.70 0.97
0.47 0.47 0.40
0.54 0.56 0.44
0.90 0.90 0.99
0.69 0.52 0.39
0.71 0.51 0.45
0.69 0.87 1.00
0.71 0.74 0.53
0.67 0.73 0.56
0.63 0.70 0.97
0.47 0.47 0.40
0.54 0.56 0.44
0.90 0.90 0.99
