0.67 0.58 0.82
0.70 0.61 0.85
0.77 0.82 0.62
0.64 0.68 0.77
0.64 0.73 0.78
0.86 0.88 0.75
0.56 0.47 0.73
0.63 0.58 0.79
0.96 0.98 0.84
0.67 0.58 0.74
0.70 0.61 0.77
0.77 0.82 0.83
0.64 0.68 0.68
0.64 0.73 0.69
0.86 0.88 0.87
0.56 0.47 0.60
0.63 0.58 0.66
0.96 0.98 0.98
0.67 0.58 0.71
0.70 0.61 0.73
0.77 0.82 0.87
0.64 0.68 0.69
0.64 0.73 0.71
0.86 0.88 0.89
0.56 0.47 0.56
0.63 0.58 0.61
0.96 0.98 0.99
0.67 0.58 0.71
0.70 0.61 0.73
0.77 0.82 0.87
0.64 0.68 0.69
0.64 0.73 0.71
0.86 0.88 0.89
0.56 0.47 0.56
0.63 0.58 0.61
0.96 0.98 0.99
0.67 0.58 0.51
0.70 0.61 0.59
0.77 0.82 0.95
0.64 0.68 0.53
0.64 0.73 0.53
0.86 0.88 0.91
0.56 0.47 0.46
0.63 0.58 0.58
0.96 0.98 0.97
0.67 0.58 0.39
0.70 0.61 0.41
0.77 0.82 0.88
0.64 0.68 0.59
0.64 0.73 0.53
0.86 0.88 0.82
0.56 0.47 0.25
0.63 0.58 0.36
0.96 0.98 0.99
0.67 0.58 0.39
0.70 0.61 0.41
0.77 0.82 0.88
0.64 0.68 0.59
0.64 0.73 0.53
0.86 0.88 0.82
0.56 0.47 0.25
0.63 0.58 0.36
0.96 0.98 0.99
0.67 0.58 0.39
0.70 0.61 0.41
0.77 0.82 0.88
0.64 0.68 0.59
0.64 0.73 0.53
0.86 0.88 0.82
0.56 0.47 0.25
0.63 0.58 0.36
0.96 0.98 0.99
