

MSP Energy Ours              Task           accumulation
0.67 0.58 0.82 auroc		1		0.999
0.70 0.61 0.85 aupr		
0.77 0.82 0.62 fpr		

0.64 0.68 0.77			2
0.64 0.73 0.78
0.86 0.88 0.74

0.56 0.47 0.73			3
0.63 0.58 0.79
0.96 0.98 0.84

0.67 0.58 0.81					0.99
0.70 0.61 0.85
0.77 0.82 0.70

0.64 0.68 0.76
0.64 0.73 0.79
0.86 0.88 0.79

0.56 0.47 0.70
0.63 0.58 0.76
0.96 0.98 0.93

0.67 0.58 0.77					0.97
0.70 0.61 0.82
0.77 0.82 0.79

0.64 0.68 0.72
0.64 0.73 0.74
0.86 0.88 0.84

0.56 0.47 0.64
0.63 0.58 0.71
0.96 0.98 0.93

0.67 0.58 0.75
0.70 0.61 0.80
0.77 0.82 0.80

0.64 0.68 0.71
0.64 0.73 0.74
0.86 0.88 0.84

0.56 0.47 0.63
0.63 0.58 0.71
0.96 0.98 0.96

0.67 0.58 0.74
0.70 0.61 0.77
0.77 0.82 0.83

0.64 0.68 0.68
0.64 0.73 0.69
0.86 0.88 0.86

0.56 0.47 0.60
0.63 0.58 0.66
0.96 0.98 0.98

0.67 0.58 0.74
0.70 0.61 0.77
0.77 0.82 0.83

0.64 0.68 0.68
0.64 0.73 0.69
0.86 0.88 0.86

0.56 0.47 0.60
0.63 0.58 0.66
0.96 0.98 0.98

0.67 0.58 0.71
0.70 0.61 0.73
0.77 0.82 0.87

0.64 0.68 0.69
0.64 0.73 0.71
0.86 0.88 0.89

0.56 0.47 0.57
0.63 0.58 0.61
0.96 0.98 0.99

0.67 0.58 0.71
0.70 0.61 0.73
0.77 0.82 0.87

0.64 0.68 0.69
0.64 0.73 0.71
0.86 0.88 0.89

0.56 0.47 0.57
0.63 0.58 0.61
0.96 0.98 0.99
